(4,1)	0.058832585287435846
(21,29)	0.7312467745889293
(26,15)	0.5037858493975631
(13,11)	0.30705187548039947
(20,29)	0.6022650997740672
(12,6)	0.32526171482984834
(20,19)	0.6361865945230685
(0,4)	0.03811746773144664
(8,9)	0.03821273528733771
(7,8)	0.7437891906711371
(26,29)	0.08273748707678086
(29,0)	0.4482213714854
(21,12)	0.7426594711021324
(25,1)	0.052156397283648515
(8,5)	0.5520613734305099
(15,3)	0.02503624191025977
(10,6)	0.37839015086735417
(26,29)	0.3565848609647083
(3,13)	0.8524601147204801
(9,7)	0.6872242053814512
(8,25)	0.8305764885189055
(7,1)	0.9100796709260279
(8,17)	0.670304505556483
(26,0)	0.21018099018504666
(22,28)	0.2898849600294646
(16,5)	0.4605674250345211
(8,16)	0.9510242721655527
(17,2)	0.13035660947205785
(17,24)	0.45576306970467395
(27,6)	0.37643877192464614
(9,27)	0.9803545436848803
(18,1)	0.7883089948351263
(16,12)	0.08255987251304131
(13,27)	0.33465219558540493
(1,28)	0.5134947321079742
(8,18)	0.42064678888913376
(8,29)	0.34113747212716683
(3,26)	0.6065548577853973
(18,9)	0.5498363710609754
(29,7)	0.46101755366602915
(27,16)	0.7186292495037271
(27,2)	0.22657718169196284
(5,25)	0.6009161096834541
(8,15)	0.4602975957548141
(0,19)	0.42900147462460514
(3,1)	0.5789571336088408
(29,13)	0.5492498529970531
(11,12)	0.2861397171510468
(13,2)	0.5570743169969168
(23,6)	0.18765047640644805
(26,0)	0.4457047144228822
(19,29)	0.5120352343078389
(6,15)	0.408658646764002
(8,7)	0.7445833911534596
(24,19)	0.8430647494792859
(5,20)	0.15604623907657722
(29,13)	0.7894647388826801
(7,24)	0.6614036734685677
(20,28)	0.5134466818354739
(22,6)	0.17936458559037616
(23,27)	0.1854391753612885
(10,24)	0.6798865956272975
(10,29)	0.6472220899415353
(7,1)	0.40485388225229857
(4,12)	0.06718640819109312
(15,3)	0.3261518868119183
(5,6)	0.8811022430585846
(20,4)	0.7657304736924491
(19,18)	0.7911307042708831
(11,10)	0.24384792998990623
(2,26)	0.7530415408194998
(29,26)	0.04453995262630017
(20,5)	0.8200754639485606
(0,13)	0.6914596203584159
(19,7)	0.4316163933445122
(23,16)	0.5125852982370629
(2,23)	0.23581544821502454
(19,22)	0.7388958571803506
(4,26)	0.8175351160624968
(26,1)	0.12996296494762472
(0,3)	0.7664586007003529
(1,14)	0.9485131810047113
(14,5)	0.36493568371280627
(25,25)	0.21636296605080485
(29,13)	0.801113647708095
(26,6)	0.5757316696578447
(21,13)	0.2201272082511373
(7,20)	0.7527896709442177
(0,15)	0.11459952913832816
(8,2)	0.5743992995244686
(8,15)	0.5254313965384064
(11,6)	0.7243589208542416
(19,27)	0.27483322351490025
(12,0)	0.9420611760777357
(20,24)	0.9857807391552174
(26,8)	0.16432835315873784
(8,10)	0.9555518635053196
(21,3)	0.190289788023151
(19,14)	0.045728799601802095
(29,21)	0.8095166658528852
(8,13)	0.6270257275004562
(6,25)	0.9752325325534124
(27,10)	0.2745297203044694
(15,19)	0.5272683322881655
(12,1)	0.34741807069774044
(9,26)	0.1735327331342127
(25,0)	0.8069427393715376
(27,24)	0.9241201906328619
(14,1)	0.6274483887056046
(4,22)	0.9387805537802673
(10,5)	0.9374179031972077
(1,19)	0.7963256209719803
(16,14)	0.591014816342532
(8,13)	0.5236497704712832
(3,2)	0.2153195958708033
(2,11)	0.33239308467224415
(2,6)	0.9044326197269079
(12,14)	0.9028770793386175
(20,10)	0.6388437501148662
(22,13)	0.22779502950271602
(6,9)	0.19694440237465183
(10,21)	0.48223965640317956
(15,5)	0.7952852638519852
(21,6)	0.12200346575011844
(3,15)	0.9451586481246965
(21,19)	0.4286877155505505
(2,14)	0.04531170319068745
(1,29)	0.018008373281601986
(29,15)	0.04407269099587263
(12,28)	0.40678802539303693
(28,27)	0.09889958496226814
(0,27)	0.5944754310585441
(13,7)	0.5373364144202984
(19,16)	0.7566347219226951
(24,14)	0.5805895952703708
(5,9)	0.5706989682838086
(24,5)	0.2294130009248304
(5,0)	0.3983835787707205
(23,23)	0.43171685092068146
(17,20)	0.5345067404447593
(29,23)	0.15229271433071123
(8,28)	0.9985662135382731
(5,11)	0.24727244843383667
(9,26)	0.8932724517861963
(20,0)	0.1094164602260621
(5,0)	0.18334025045309743
(4,6)	0.8950527576861981
(3,4)	0.8581926051237673
(10,7)	0.7694646820982635
(19,27)	0.833831657046689
(21,13)	0.014752369605467552
(16,8)	0.6219836377849287
(15,7)	0.03266858475003209
(10,8)	0.7487258637022345
(27,20)	0.24465735613147
(12,27)	0.14015582773045743
(6,29)	0.6422993243426214
(23,14)	0.20926345908498079
(15,0)	0.2735947593196598
(3,7)	0.17601995099533063
(25,26)	0.26399191082079654
(15,16)	0.23179698834887563
(21,28)	0.06579460271922877
(13,23)	0.5195832415572018
(6,24)	0.5055595738217198
(27,6)	0.543065027110744
(10,3)	0.8563209155980752
(11,18)	0.5404907614311579
(4,0)	0.5999552409648476
(8,4)	0.5633398569201685
(5,19)	0.7647277427715501
(4,1)	0.48516829251473215
(16,24)	0.7240362894069109
(20,14)	0.9326048332599498
(12,20)	0.1245965784531734
(19,15)	0.17832328266495168
(25,2)	0.17578867566669343
(14,8)	0.3649178090582186
(12,21)	0.8766112788406221
(5,27)	0.03895989047616755
(10,15)	0.8826668206705197
(14,10)	0.8661169208139137
(6,11)	0.6228270185150562
(28,10)	0.5710644302724494
(9,26)	0.9637053922760689
(0,21)	0.6000247948428916
(28,9)	0.18978908459676136
(17,1)	0.7391175672570963
(4,21)	0.3180595633911013
(27,4)	0.9383076372085761
(4,0)	0.7981582301973666
(10,10)	0.8885892290569188
(13,6)	0.46262929934884955
(15,6)	0.4791452424926702
(19,6)	0.18649862698077657
(15,16)	0.12157290397880949
(14,29)	0.09142487105484809
(25,9)	0.06986846692622639
(4,8)	0.2868844007655974
(6,1)	0.28771518045754874
(28,25)	0.0793289911047611
(0,21)	0.11872004457440466
(20,14)	0.2999816766002862
(7,28)	5.97041550169819E-4
(24,22)	0.9029123000014061
(2,21)	0.7308952995457952
(5,6)	0.26726158825258217
(28,25)	0.33972304462731207
(2,19)	0.7009582627722054
(0,18)	0.4540189234922781
(26,20)	0.48800112639038307
(3,27)	0.14827465424772734
(7,3)	0.44735391254261836
(29,8)	0.6682138721813965
(20,15)	0.3787277497822037
(28,10)	0.08678394032275405
(23,2)	0.9590024343115641
(22,21)	0.9059190048926333
(21,23)	0.6227640899019982
(10,26)	0.8528840511179557
(3,2)	0.7114139882314819
(8,6)	0.636611378858536
(9,1)	0.7075289638391227
(21,9)	0.22729247203306258
(5,2)	0.6846311754209733
(27,14)	0.301589606435241
(11,16)	0.19725118236041583
(12,9)	0.8561835169603159
(15,20)	0.7121449272144831
(1,21)	0.6339745075983099
(7,15)	0.33875185393511076
(26,18)	0.9301062792291909
(27,9)	0.055457660461217695
(8,22)	0.5490832940850741
(26,5)	0.8479522154619394
(26,18)	0.16960401955101945
(28,26)	0.17694941272253528
(23,11)	0.14033356993346413
(3,24)	0.9747623403318567
(19,21)	0.777691806567358
(24,13)	0.9337036882212933
(13,2)	0.5658332580786518
(16,11)	0.1940079557314187
(22,26)	0.2693479776336861
(0,18)	0.6649487805464553
(5,18)	0.8608129687254766
(25,12)	0.12005062296269753
(24,17)	0.33817627269518524
(21,24)	0.8957713104170226
(17,1)	0.9610567775969566
(5,15)	0.49275832642024997
(18,15)	0.17039446965650595
(22,11)	0.629757751959171
(29,23)	0.47248786272162846
(14,10)	0.33248232849805104
(6,24)	0.866305979221498
(22,0)	0.4532206336465969
(18,5)	0.9720651094210476
(28,13)	0.6116966133605936
(13,1)	0.8794106224855859
(9,26)	0.9236652693143387
(25,19)	0.8751471098084527
(2,9)	0.04095611212719008
(13,10)	0.6333107437829584
(25,5)	0.9651537128466565
(18,26)	0.15447955470121466
(19,6)	0.8168301739647088
(23,26)	0.7265691279404154
(15,21)	0.2432216801905306
(17,26)	0.44596251131330167
(3,15)	0.4294672744721064
(11,12)	0.38567465837320236
(8,12)	0.7420050503389721
(28,8)	0.32635371129025015
(1,17)	0.8774472544886338
(15,25)	0.07627225222990164
(20,3)	0.016232158322284307
(14,24)	0.7980641561883566
(13,17)	0.8875776991072667
(7,24)	0.432813180385064
(3,18)	0.8407379479590869
(9,14)	0.26620211280651795
(27,8)	0.9872900422200824
(28,5)	0.9167819136058795
(9,11)	0.23015635386743083
(15,10)	0.5430221854520456
(2,26)	0.5272922522462927
(18,2)	0.8636562210897583
(20,5)	0.0514473455662684
(15,9)	0.664935008557657
(7,24)	0.002134064349264997
(20,9)	0.8287560144986109
(9,14)	0.7019143102636075
(8,25)	0.5572347012163877
(12,10)	0.2663410410985366
(4,19)	0.3921378499512127
(10,28)	0.5753688702632906
(22,22)	0.8316993960836296
(0,26)	0.49377374725811896
(25,23)	0.8326910951895009
(18,28)	0.289098565717567
(8,9)	0.2522219469601331
(4,8)	0.9778682685030322
(1,15)	0.3315918622669084
(11,11)	0.8942941633812694
(17,13)	0.6536264031766632
(9,10)	0.1204142926901427
(3,2)	0.6152712717681239
(24,12)	0.5425926702952812
(13,2)	0.3488268112017634
(23,13)	0.20652715484859718
(26,2)	0.1980539328415465
(22,3)	0.3313922989650374
(22,22)	0.30948477350892367
(4,23)	0.8134697739432827
(7,1)	0.6346232870102104
(20,15)	0.30059572373207055
(19,20)	0.6553214385055159
(16,15)	0.9509811582480875
(27,2)	0.4424697074930297
(28,25)	0.8034376737386689
(13,25)	0.2372407911440494
(17,20)	0.28076741483297385
(3,0)	0.6044778753422672
(23,27)	0.7240533735470096
(15,29)	0.3494201489861065
(29,11)	0.012811515318543631
(20,4)	0.811809450788948
(5,6)	0.2644439587692219
(7,16)	0.8555242043482894
(7,26)	0.32615831219565106
(8,3)	0.8572375089480582
(16,11)	0.2734949530866484
(19,24)	0.2641987631696989
(14,6)	0.41183082689574746
(23,15)	0.839088765725829
(26,14)	0.34070444810482303
(15,20)	0.539000647890145
(11,3)	0.485534117644995
(19,20)	0.08595011523501206
(19,19)	0.1272768414544314
(26,7)	0.6779198777257064
(21,2)	0.3678030984651235
(8,20)	0.9622954822087023
(1,27)	0.6572385734190991
(15,0)	0.34765021365123006
(21,0)	0.4792502969791017
(19,27)	0.9651893095529411
(16,2)	0.5412321719856885
(6,18)	0.10776469556644985
(1,12)	0.3485700639456285
(18,23)	0.7722230645082638
(22,23)	0.3556446517171784
(1,4)	0.009952132295441896
(13,4)	0.9809553786427072
(19,9)	0.15084076318545991
(0,9)	0.6497267477071623
(13,28)	0.6074708664222936
(7,11)	0.6845834724516661
(20,1)	0.8892100385067417
(1,3)	0.30335896296081055
(14,10)	0.6599760204818643
(4,13)	0.20282657122407977
(12,6)	0.15879478857049145
(4,9)	0.20812112652817316
(4,25)	0.06887670297070447
(4,16)	0.2498439117277308
(25,17)	0.9687857442062687
(20,17)	0.4943210309527346
(0,12)	0.8283790454208871
(3,4)	0.797211563722063
(28,27)	0.6225452386074076
(13,27)	0.7766391369337392
(17,25)	0.02737166076052633
(25,2)	0.7092457882761724
(22,9)	0.33622233154337144
(15,25)	0.1410450851285543
(27,20)	0.18730958046825008
(9,12)	0.5746767544524309
(29,22)	0.42969462319325646
(11,1)	0.8456424591012045
(3,13)	0.4712529850739233
(0,13)	0.8323284865298203
(29,5)	0.749993036762484
(15,4)	0.958097978927601
(16,7)	0.5492169866785613
(0,27)	0.5384614392069763
(20,27)	0.23736555474678545
(10,19)	0.4023115322106946
(27,17)	0.15498865138586104
(25,25)	0.373433893333986
(0,25)	0.7941366722932561
(1,10)	0.1369830804550468
(22,21)	0.6195676618793217
(22,20)	0.7353385174588776
(18,3)	0.8665182172464565
(29,8)	0.4387327655976594
(17,23)	0.9163865621682218
(0,25)	0.018270131275647472
(2,15)	0.39952836738456277
(24,15)	0.5124306495253291
(5,20)	0.0034673647160352594
(2,10)	0.4228812472277671
(15,22)	0.07517444737831902
(8,6)	0.9013919121864696
(27,4)	0.4976700223902978
(18,24)	0.8968814189034318
(15,26)	0.9940565967481146
(24,7)	0.4200943360084358
(1,9)	0.9661898211189882
(17,3)	0.05313648818875494
(21,10)	0.2105476901862623
(22,27)	0.5820737159637792
(11,8)	0.37045933725346836
(26,9)	0.16302446762032774
(3,19)	0.7817064152552858
(17,25)	0.7456539708424068
(9,8)	0.4476114865318228
(25,14)	0.572703844429542
(26,23)	0.2400794625239988
(24,11)	0.45016782604106864
(14,5)	0.06465985253502626
(25,19)	0.13995078194977695
(1,6)	0.6505489657423824
(21,24)	0.6653245975579866
(5,20)	0.8305526203641027
(14,6)	0.5392214146607786
(23,22)	0.6613819443291665
(10,21)	0.9263809996581157
(27,28)	0.5012561022650287
(17,0)	0.5325954964744961
(3,11)	0.20963722267144957
(29,29)	0.5777717368648474
(14,23)	0.9630245907114796
(4,17)	0.5542575910861239
(19,1)	0.7910868988852275
(29,16)	0.5978554376651974
(24,25)	0.8290122350995236
(2,2)	0.20617228006145039
(3,28)	0.4548079939983587
(10,28)	0.7274329513546085
(6,25)	0.9343835360033346
(15,2)	0.5126091826034892
(16,8)	0.9326007805101307
(29,9)	0.8746935132543462
(1,10)	0.2650786970384117
(10,22)	0.031174597945623606
(18,1)	0.5633901588964332
(15,0)	0.0192456283642648
(3,24)	0.10538998869711969
(29,4)	0.16800563136946378
(22,24)	0.9227660371223203
(11,10)	0.08788860336701543
(27,7)	0.4395052375431694
(25,14)	0.2947831454080684
(9,15)	0.31781922329199874
(25,26)	0.5247810033517669
(22,14)	0.8921751241210746
(1,7)	0.5152198368169886
(4,1)	0.5574288982567319
(17,24)	0.528662328251961
(4,5)	0.7436600229875936
(19,0)	0.17867963931275233
(9,18)	0.658158051650828
(16,8)	0.1797843716296884
(2,10)	0.8041129862648058
(16,0)	0.48858477501298936
(1,19)	0.39591308973723294
(24,24)	0.9292079086006932
(28,29)	0.18255508840956935
(23,6)	0.8032666471272343
(19,6)	0.8635237973672201
(18,17)	0.173121779029623
(7,0)	0.23559907049733897
(19,8)	0.4769167552715775
(29,15)	0.444400033799051
(11,26)	0.8848398265250151
(26,4)	0.2310780605086329
(3,15)	0.338294012220715
(24,4)	0.8624212478225526
(25,18)	0.5271326476049288
(23,27)	0.5117351067504521
(12,12)	0.1548446658223085
(4,5)	0.21821524408854753
(28,13)	0.7175497680249061
(13,4)	0.19413008483410588
(10,2)	0.6798910931285002
(25,11)	0.1719822935406642
(8,23)	0.36938892496768727
(9,29)	0.687920169827159
(19,10)	0.1305456034142659
(20,23)	0.6830209378920782
(26,26)	0.28096870538571794
(3,24)	0.5706700093178647
(15,16)	0.19400568850080546
(27,14)	0.9661116630010962
(16,25)	0.3958603027744576
(13,28)	0.603347990175473
(20,16)	0.9098867750972669
(6,14)	0.5749148432421987
(23,15)	0.20673541007732776
(26,21)	0.9216648316023255
(18,13)	0.02624891012842434
(3,21)	0.7725389454619385
(16,25)	0.02548575022999089
(12,17)	0.6884105172815169
(14,28)	0.676973485915669
(25,20)	0.5994354765726976
(27,9)	0.09227103107679824
(25,17)	0.7419463133060964
(27,4)	0.47814635422254637
(0,9)	0.29877684963821305
(12,29)	0.7461513402571583
(2,14)	0.026007638824427803
(6,17)	0.3911035477909093
(19,27)	0.009473347030072743
(23,13)	0.12996007389067143
(2,28)	0.8359741263057482
(17,18)	0.9497957125097587
(28,29)	0.8869856311805703
(14,28)	0.1520742118709022
(29,17)	0.16676342067150995
(3,13)	0.7001278786247755
(28,15)	0.06208870583964077
(16,13)	0.6777374151984484
(24,14)	0.6975047338215767
(5,3)	0.9489303537556509
(26,11)	0.097743994428103
(20,27)	0.17259294442769257
(14,20)	0.19814829401892686
(19,8)	0.1702173586786344
(17,1)	0.8542354011420251
(21,6)	0.2710819268119584
(28,3)	0.39316716114735206
(20,26)	0.6663894047082481
(28,3)	0.9227259394440561
(2,28)	0.9923640233755229
(13,4)	0.5675076292621892
(18,29)	0.33203586227223114
(0,29)	0.03739093515756886
(2,23)	0.5764159415408188
(27,26)	0.44994439687593235
(4,6)	0.6179938610746928
(4,9)	0.1262841131279755
(6,26)	0.1629646582747658
(5,11)	0.15899662954121307
(12,2)	0.04331966596773651
(25,29)	0.9110929397455112
(7,20)	0.7859112538679784
(14,20)	0.24656153475725173
(27,9)	0.8528291532142699
(3,21)	0.21593926952352505
(23,18)	0.4059017817265358
(25,1)	0.12442128318962675
(11,11)	0.6678630469745255
(1,12)	0.39538173508179986
(3,22)	0.9537012605545755
(10,5)	0.40877984407539625
(0,20)	0.22793383127164923
(17,10)	0.5417760255864876
(9,8)	0.607027340967267
(13,25)	0.967985769969099
(25,16)	0.5709100643241083
(27,28)	0.38214926202818345
(11,8)	0.7734994125374612
(2,24)	0.7085972826348303
(12,12)	0.2493945411136973
(25,8)	0.024744875160045865
(1,29)	0.5023598895800868
(17,23)	0.38494597091140037
(15,22)	0.4309527090797275
(11,27)	0.965394097619939
(18,13)	0.29762373225023186
(9,22)	0.9673551617831303
(29,6)	0.9798472091134737
(8,8)	0.013870409003278295
(8,24)	0.5553122781573101
(19,12)	0.35416932763735576
(29,26)	0.8679352522172677
(21,22)	0.05038300815765273
(16,13)	0.09742792535898914
(28,18)	0.4627510156242878
(29,2)	0.5123845773424418
(27,24)	0.7723658824339039
(22,12)	0.5253257642890188
(2,0)	0.9846008797893374
(10,27)	0.8878648125292209
(6,19)	0.8417183917025417
(9,15)	0.3651383940088362
(13,2)	0.33975792029174456
(20,20)	0.510869873104058
(11,4)	0.0926538996172751
(16,21)	0.2279102215027603
(25,13)	0.6156355327313592
(19,3)	0.6438282116069307
(12,4)	0.7103123177804722
(26,10)	0.4570976358688448
(23,4)	0.5254498833015468
(26,18)	0.31665676927093045
(7,9)	0.5402934305684565
(20,18)	0.9860907824304951
(2,7)	0.6713967566824515
(2,15)	0.013415093549375201
(28,24)	0.9392665309953249
(26,20)	0.37841402152491666
(29,4)	0.6477334296454905
(21,25)	0.12171571738193543
(11,23)	0.826813108713326
(18,18)	0.27326050642085553
(27,18)	0.7689212329955754
(26,14)	0.4925472423432632
(27,11)	0.8486588581359622
(3,26)	0.7090176298455699
(12,29)	0.45798570499922164
(24,23)	0.7081662139150345
(19,12)	0.8114506972499893
(28,23)	0.047439451576331115
(26,13)	0.5802500659802667
(27,28)	0.9057141490685064
(12,19)	0.7992358921169267
(27,22)	0.4711223275851679
(20,29)	0.257598567054071
(6,28)	0.25421575224443493
(23,22)	0.6317987764645708
(12,24)	0.27693999475318476
(16,8)	0.9484259716731434
(23,11)	0.4326149406877785
(16,8)	0.5750118260930019
(23,1)	0.43809436889607145
(13,20)	0.8284290449522322
(19,7)	0.7065046034653216
(11,25)	0.4633569127717029
(4,26)	0.1574383473700367
(26,10)	0.7573969427451743
(6,16)	0.45120642455100013
(10,15)	0.6447735644075039
(26,1)	0.38472685164804177
(7,5)	0.36715605506657545
(27,1)	0.21885714879248164
(19,16)	0.40798975068616894
(17,6)	0.5204522893768581
(12,21)	0.05582603936842434
(16,27)	0.6971574050769426
(22,21)	0.8024921327260468
(24,2)	0.7789207681623727
(10,18)	0.9235432315640641
(22,21)	0.15743930904740333
(3,2)	0.011291556716921836
(26,28)	0.9332252778465668
(11,17)	0.9348074028998203
(15,18)	0.23970933966717556
(8,25)	0.686640275597073
(24,28)	0.4147721064683694
(1,5)	0.8426083411393538
(2,14)	0.17232230220184785
(24,27)	0.9088570289189628
(18,4)	0.9900166694189041
(1,29)	0.6594886041406487
(16,9)	0.7739431475878453
(20,27)	0.6784163531978562
(7,8)	0.48706523305017146
(14,29)	0.710698454904125
(25,14)	0.8354525129110577
(22,15)	0.10145824544321147
(15,17)	0.29479831736691287
(14,23)	0.5545992293142374
(6,0)	0.7294523282814727
(14,29)	0.6788744702107535
(9,29)	0.6071726241391455
(22,28)	0.3054717938535654
(14,7)	0.34502786891737247
(19,16)	0.35912792344771993
(21,0)	0.6353572676145368
(5,7)	0.14388568141007863
(12,29)	0.6954222773500655
(20,9)	0.2649608442802852
(27,10)	0.26036071458385
(9,16)	0.04978570401761684
(21,16)	0.7962801506295459
(6,0)	0.25414890641384535
(2,20)	0.8488048591791433
(8,29)	0.04345218944381313
(18,5)	0.6621159268694131
(6,18)	0.7244564513039468
(13,5)	0.20450206546324678
(7,28)	0.46949073894524507
(25,8)	0.5186638671771161
(5,16)	0.3229500065272489
(11,12)	0.8784919682686498
(10,9)	0.10900824169991308
(0,9)	0.57876552377005
(7,27)	0.4698258357980437
(27,23)	0.3101937982890969
(7,22)	0.1551311102920534
(17,26)	0.9794510805416374
(20,26)	0.8569078668475978
(7,20)	0.5223306419024143
(5,16)	0.33702201827396916
(27,27)	0.7278707772528844
(19,25)	0.3309723322077084
(27,26)	0.3422821989399909
(27,18)	0.7275514543571765
(11,19)	0.7537327365583214
(9,22)	0.8220552977523832
(19,23)	0.3725217112739543
(15,13)	0.019780307202321157
(27,16)	0.4159032336784638
(16,2)	0.22689937678613403
(19,29)	0.18279372229501412
(24,18)	0.307409698502617
(16,1)	0.06082604830266802
(10,13)	0.40769581198337457
(12,14)	0.4466889287478818
(1,26)	0.6543544794959374
(5,16)	0.4804167671711653
(26,16)	0.7162781857145076
(3,9)	0.9952720324885966
(15,27)	0.9885962882253444
(15,7)	0.3670883416440208
(17,13)	0.7039242316358386
(18,3)	0.010419278313763214
(18,19)	0.10547290305815404
(8,18)	0.11356452121444038
(14,29)	0.9269215535934812
(2,20)	0.8305215183708031
(20,20)	0.8155596333211276
(2,16)	0.5551368786783075
(3,15)	0.008053896081746448
(27,15)	0.09120942224400186
(12,0)	0.5222994304078253
(16,5)	0.502022010664468
(7,9)	0.3641640628788264
(10,24)	0.17375682968764616
(27,24)	0.7645377358871946
(13,0)	0.1594751582288667
(28,9)	0.2599497332194889
(21,23)	0.18381857452838768
(17,19)	0.5091182656816876
(22,13)	0.7833163320281555
(19,5)	0.09814841368862803
(14,11)	0.9331589629726463
(14,17)	0.22869621623056047
(13,3)	0.16852537304039217
(28,25)	0.10626785715177334
(1,25)	0.6470274211057014
(12,17)	0.049924965046779235
(14,5)	0.8185619662932216
(23,2)	0.8300180751476922
(19,1)	0.3698372191468031
(26,22)	0.5071724610105384
(27,2)	0.8930671652270302
(13,20)	0.09360131231209246
(14,16)	0.2918035711801147
(21,5)	0.6869238014909145
(11,6)	0.2816024367028864
(13,5)	0.3370161316093009
(21,22)	0.46919775553329646
(17,0)	0.7980260053741443
(9,23)	0.4010825235124338
(18,17)	0.490532016193828
(17,9)	0.6608729063230325
(2,14)	0.4529313226278566
(25,25)	0.5645584994780009
(29,8)	0.7964904504141802
(7,22)	0.2537181883945332
(22,13)	0.19509535025007074
(1,28)	0.019007068130935223
(6,27)	0.2385890869465045
(28,20)	0.499697460659732
(16,12)	0.05768616857241704
(27,25)	0.999782517309327
(4,7)	0.48880499982333137
(22,17)	0.5371285067618612
(4,13)	0.18876080501929815
(4,13)	0.39938749242183913
(15,17)	0.5321133248711953
(11,6)	0.918859437260022
(10,23)	0.8280651126325761
(26,14)	0.8982189336635845
(17,26)	0.37915757789504345
(0,19)	0.6199982305027252
(6,14)	0.17061367593730659
(17,4)	0.6549452728755424
(14,0)	0.5270279297714674
(18,6)	0.7478515767997648
(28,23)	0.9022054067750134
(8,4)	0.9041712725863554
(18,10)	0.0783035574253177
(29,12)	0.42672980517468306
(11,6)	0.4420317630549885
(26,3)	0.05904668488438736
(29,29)	0.6785155063139275
(19,24)	0.5802734836124852
(16,3)	0.17753327540185415
(20,20)	0.16647509030714236
(7,10)	0.6821861014371178
(2,11)	0.5839583156226698
(22,18)	0.2266610091760669
(6,8)	0.8125789677360525
(2,14)	0.20760137975011417
(16,27)	0.010434616936225827
(15,16)	0.5126988629124368
(8,27)	0.8260774374401246
(29,11)	0.9904725437446442
(2,1)	0.9403573320549942
(23,15)	0.18680344241205238
(20,9)	0.3772328251139979
(10,9)	0.19664303573521746
(14,28)	0.5613632097481673
(6,11)	0.683417150762362
(14,0)	0.3200223623940348
(18,5)	0.6039969867466942
(1,8)	0.02785108976374473
(2,17)	0.9437113601806734
(6,21)	0.8751911791485776
(17,13)	0.8137258705081454
(27,7)	0.8042216143759163
(25,16)	0.5922154028133692
(5,20)	0.0018428657730880094
(16,26)	0.40110912389969067
(15,19)	0.9642328758297328
(22,7)	0.10178783660416735
(20,2)	0.05522403645778784
(8,5)	0.16596524398235135
(28,17)	0.16912775451049256
(2,29)	0.23208659508165552
(4,23)	0.5783588512835482
(16,28)	0.8929295178383755
(7,0)	0.29718973457068476
(28,24)	0.27669332233943345
(9,6)	0.32518984615726243
(14,3)	0.2817146792852354
(24,5)	0.9473829890948222
(17,28)	0.9040493439747007
(0,2)	0.8628815723348315
(29,11)	0.9575107902517868
(10,10)	0.28973336507281067
(10,3)	0.6273585678080457
(16,0)	0.3509428506506139
(17,2)	0.7216803950106296
(21,18)	0.9851061273174141
(27,27)	0.18861395303698403
(15,28)	0.34482426886134077
(13,24)	0.4529054462208354
(27,16)	0.1470372331574925
(22,22)	0.3919039219801913
(21,7)	0.7216468985866985
(29,23)	0.31894204352450084
(22,29)	0.5682737064699299
(5,17)	0.17115467506214432
(23,27)	0.07571883790284117
(8,8)	0.20913953580535816
(4,25)	0.6846800393441224
(24,7)	0.9274647310410503
(29,3)	0.18149532510303423
(16,21)	0.5478797223790943
(9,18)	0.9991664358110997
(1,3)	0.4211882566268069
(25,19)	0.37163914144040255
(24,23)	0.8990929798950945
(19,13)	0.9382953118410938
(3,22)	0.7539229337971668
(1,5)	0.9278372793349812
(29,8)	0.02200719178029298
(26,17)	0.36422217151543057
(15,25)	0.22555890660710853
(0,7)	0.8320301989792709
(6,9)	0.2882858227171057
(23,23)	0.21462738533526493
(6,4)	0.10154512949429151
(9,2)	0.4757100745075913
(14,18)	0.6207114694715472
(7,17)	0.9932947894073617
(9,27)	0.5755291596866989
(15,1)	0.17494385347453323
(7,6)	0.36357093999086054
(19,2)	0.08399353461189618
(5,11)	0.4625267231659257
(3,7)	0.5887780150955424
(16,9)	0.7448984528570856
(16,23)	0.11031949937324415
(20,29)	0.4077773426613752
(22,25)	0.3886806051257745
(1,20)	0.8407327780478935
(28,22)	0.8141523300602888
(16,23)	0.6464423198759193
(16,0)	0.776677321071548
(14,2)	0.20154499304750195
(15,10)	0.1753844449889569
(13,21)	0.5993010698456422
(23,23)	0.6998376502936263
(21,2)	0.5509926827095785
(8,4)	0.7455783566261527
(4,29)	0.8396024498115098
(9,2)	0.858767320606595
(7,21)	0.21715720476088052
(29,27)	0.4182084020986431
(4,28)	0.21622701345036055
(1,15)	0.8577633416050481
(11,20)	0.2064200952167028
(1,17)	0.10814313974851497
(7,3)	0.16831655717157723
(8,0)	0.09428797827723567
(0,28)	0.08013484071610566
(23,12)	0.06302486691720821
(5,24)	0.5165271351959954
(23,5)	0.23541771907004938
(3,2)	0.04425032301599563
(6,6)	0.7792022261271007
(1,19)	0.2660620665855997
(28,28)	0.37892361721890133
(12,20)	0.9120421403002891
(6,3)	0.7448723324909068
(1,23)	0.20664079056559959
(5,11)	0.24663929847437083
(2,25)	0.8501082372031006
(17,5)	0.48308865028818837
(22,24)	0.3445599964498869
(26,17)	0.007772783071175904
(1,11)	0.0677847576295435
(4,29)	0.6172908056700791
(23,8)	0.45200344330501074
(13,1)	0.579818288411476
(2,29)	0.860138634229471
(11,28)	0.9320126006844227
(6,28)	0.26875642627709695
(24,10)	0.5047245998923143
(3,11)	0.6646931042792279
(27,12)	0.6514245571434598
(21,13)	0.1414813866732323
(18,11)	0.747975841073083
(14,25)	0.0420423901552579
(19,20)	0.4083672331745206
(11,17)	0.13571067487580446
(18,9)	0.01824117845875306
(3,16)	0.7405117863087013
(9,20)	0.6265312758974096
(25,2)	0.9057129408295784
(1,5)	0.45524967207436307
(22,19)	0.25501926426495947
(19,25)	0.2884409969613215
(29,24)	0.8573892878398678
(3,13)	0.7835463377199324
(20,29)	0.5402953218450971
(21,1)	0.3118971885158174
(23,12)	0.3893555526628747
(14,11)	0.27978593755509584
(8,7)	0.7886166144383537
(20,7)	0.007535869491151037
(17,5)	0.24736663155971916
(28,25)	0.15122057235320585
(26,29)	0.4322102807871516
(18,16)	0.3401587319165378
(24,16)	0.277239580373679
(28,26)	0.17303730150155783
(5,27)	0.7804847022795462
(10,22)	0.9664921187126899
(12,4)	0.1114314306539056
(5,7)	0.682202273869416
(17,19)	0.9522433772425081
(1,6)	0.27203025053314334
(15,11)	0.5744279655973965
(10,2)	0.27546729014669036
(6,1)	0.013037850396657835
(18,29)	0.8796192127157365
(15,13)	0.8420998821202291
(21,10)	0.8091952425220417
(23,27)	0.477816073492041
(7,26)	0.3524380532181167
(20,5)	0.6401823667629981
(2,5)	0.5486608365910002
(25,4)	0.5890223235500773
(26,21)	0.06403289910160448
(23,23)	0.01703466820365518
(16,19)	0.5644823484588833
(17,17)	0.030305285699268825
(8,12)	0.4580607330099369
(1,7)	0.47583543331237255
(10,26)	0.723841261513351
(24,27)	0.9859900023467094
(19,9)	0.17039869995431633
(17,17)	0.5013705608849811
(12,21)	0.874145543281964
(26,23)	0.7064704223328512
(10,19)	0.7362756231041878
(9,3)	0.7665694070448311
(11,28)	0.0667931907827487
(8,4)	0.9896785721865315
(26,7)	0.8550815020376259
(17,6)	0.5539459697897561
(21,0)	0.9186920357511303
(10,2)	0.23878658393882068
(17,20)	0.43551166470017155
(9,18)	0.17710089412456897
(18,19)	0.45919207307278986
(15,17)	0.006297951789980383
(1,4)	0.8937015476916762
(23,18)	0.4374409625086725
(7,13)	0.06008681789586778
(17,5)	0.18468415523054416
